{
  "minX": -37.323001861572266,
  "minZ": -36.61300086975098,
  "maxX": 58.882999420166016,
  "maxY": 9.24399995803833,
  "maxZ": 7.072000026702881,
  "centerX": 33.418999671936035,
  "centerY": -14.039500951766968,
  "centerZ": -14.770500421524048,
  "sizeX": 50.92799949645996,
  "sizeY": 46.567001819610596,
  "sizeZ": 43.68500089645386
}